{
  "height": 38,
  "width": 405,
  "x": 179.953125,
  "y": 2876.203125
}