{
  "height": 44,
  "width": 263,
  "x": 250.859375,
  "y": 7793.859375
}