{
  "height": 38,
  "width": 145,
  "x": 446.53125,
  "y": 2784.203125
}